0.30620542630253805
0.9512933331813873
0.9831617856192029
0.9867835747135301
0.9922865427234326
0.9952624993168444
0.9949397845024605
0.9945163017184951
0.9964055723992523
0.997079899210237
0.9970980078991853
0.9976116236864435
0.9976284675846095
0.9972435943799365
0.9965531183379566
0.9976451548988011
0.9976638320636061
0.9982486766977126
0.9985005120731912
0.9986815203192819
0.9983490661570693
0.9978359182335275
0.9980176620066205
0.9978428928156807
0.9982471190406365
0.9980630548370286
0.9985500791708753
0.9983865185074009
0.9985826214031178
0.9986895313983585
0.9987316274563695
0.9985596519356438
0.9983518766355604
0.9985692252323348
0.9990741786304408
0.9988155337296998
0.9984999947113391
0.9988695049144691
0.998868697400146
0.9985216791984353
0.9985701617767273
0.9991671590562771
0.9985613824994075
0.9988516230969149
0.9986248778308484
0.9989652146002242
0.9987435890791104
0.9988071973535465
0.9986538551503683
0.9986919641635167
0.9988414413578617
0.9986957791459489
0.9987776519617435
0.9987630853823493
0.998381818657555
0.9991081246679737
0.9990143256739845
0.9993548678928853
0.9989277285593655
0.999163503184526
0.9988891239753606
0.9986746197936343
0.9990531100565047
0.9991529460032037
0.9991683688311342
0.999147981102295
0.9992664217551186
0.9991023828426187
0.9988765198100431
0.9990424474589853
0.9991630461188337
0.9990138386313451
0.9989313046185544
0.9987560017854668
0.998820684304887
0.9988696742069548
0.9990809467250367
0.9990623748326231
0.9991230639585315
0.9985468787568527
0.9990444536196776
0.9990307957058816
0.9990906570971111
0.9990347426234363
0.9989997009084354
0.9992195625856135
0.9992328715528437
0.9990852350748007
0.9991611353929365
0.9992815400988514
0.9994055827003043
0.998997822779472
0.9991357046239724
0.999288158184109
0.9989025452930349
0.9989768997089742
0.9989739698526023
0.99923264186511
0.9993627495877513
0.9993483529208351
0.9992638196181434
0.9991894691790852
0.9993172277392237
0.998950734811034
0.9991604783749721
0.9988958978973791
0.9989422453015031
0.9990481097755808
0.9991534565482054
0.9992513970814831
0.9992540581182074
0.9988744929684868
0.9992634468241695
0.9991716099277937
0.9991988914741571
0.9990689606922748
0.9991788567058155
0.9991983879731914
0.9992707786561047
0.999145705694018
0.9991002257756845
0.9990559490773105
0.9991559112341049
0.9991030735172446
0.9989161364585488
0.998912378232602
0.9991877425378914
