0.08922852412932211
0.24457461674096664
0.24510497226606837
0.25016593522871083
0.2543815445812603
0.25530589010439386
0.25283552823158273
0.2546520952922052
0.2541301382454898
0.25457949011645536
0.2549278690251974
0.2548933365916507
0.25377345441259863
0.2585887958562015
0.25736341964278875
0.25385416166513364
0.2546310194054609
0.25531486385875485
0.2553710375338898
0.2589313661177428
0.2564387697242601
0.25577231172152765
0.2554111130581697
0.25834894387845386
0.25502026447693743
0.2542353035513322
0.25536737128991716
0.2580738658326631
0.25589400866350387
0.2554497002301411
0.25465831411715184
0.25597645736567765
0.25544798961863474
0.25422900118030056
0.255019954993828
0.25814934055843536
0.2576008661281407
0.25616625317229236
0.2573107210945932
0.25485367449621965
0.2544393943185312
0.2538121545271156
0.256483414891601
0.2558542867684489
0.2576984329341374
0.2588667657107271
0.25615660630631937
0.25593521193892366
0.25717058245272123
0.258310738420598
0.25434662745264136
0.25868905813791676
0.25786232422104394
0.25482042702833607
0.25418436773750985
0.25613657151235014
0.2574333216037846
0.25721464616998146
0.25489659909590123
0.2568830251739869
0.25624910925750477
0.2563125923965598
0.2564898925459621
0.256698392326773
0.25711333261695246
0.25539856331058275
0.2578823189325461
0.2572938186414635
0.2573791387205694
0.257645377012093
0.25704748760269897
0.25689712515406815
0.2572962010667181
0.2562088336268268
0.25690757165843364
0.2558575313781221
0.2561189415644236
0.25537073534460675
0.25698859660190854
0.25559920556983895
0.25775199344886734
0.2565691840394184
0.25563052180644
0.25461030846447674
0.25658535437948427
0.2561488706400026
0.25698487175588375
0.25707231966748517
0.2578553582231846
0.25473128081179075
0.2571949207227537
0.2562617013540908
0.25616689413773286
0.25845432844193594
0.25616329566503454
0.25514307887111987
0.2565518687413381
0.25771407481272873
0.25842072298423124
0.2560286159778267
0.2564424618355308
0.25656539289065056
0.2554111128725194
0.2568253264132782
0.25622077739367943
0.2538704307332633
0.25654848621761805
0.2557200020524137
0.25647889803334667
0.25652199129998576
0.25470033919072627
0.25514394279749564
0.25685935049750824
0.25608034864640394
0.2559075386249334
0.25625867970725325
0.2563848441275801
0.25547758549184435
0.25674239842872904
0.25606899828185986
0.2553168830481102
0.2568327707430563
0.25749507753437195
0.25678423009648854
0.2582150498238588
0.2557931867638304
0.25599743797423524
