2.1388413569550346
10.225646778374008
10.927480320284486
10.351231259260746
11.044633535797285
10.987206708672733
11.1028495861849
10.81503857722279
11.098507243083407
10.686765340303449
10.693705251578802
10.287718153453207
10.563859392823977
10.182950586017977
10.132000866570754
9.502628799752273
9.572149867450978
9.692709010394168
9.624259164150864
9.47906752541777
9.205688010835065
9.39122722962102
9.065724824988632
8.855264994682631
9.02068283213237
8.92381440123485
8.987470290701518
8.636623717735834
8.780594433750926
8.48526963007934
8.587599184576991
8.547780482851229
8.679409562162277
8.00789509137334
8.342760476160864
8.169767701245991
8.35528337556248
8.176164391044214
8.27831824273278
8.124437761740202
7.911231855891435
8.050486594850614
7.923723890900076
8.040947419624093
7.8099825127254245
7.830210559375483
8.005091269068066
7.749151638754927
7.611383280277758
7.676465542317919
7.638899536258182
7.887437976848581
7.685233565620569
7.6174129600225795
7.577816420654159
7.403736136323779
7.763843559264157
7.421847282262905
7.336702494698136
7.412723070309946
7.345391968378644
7.4556567208449565
7.308446581412293
7.346197732180199
7.241501020674468
7.205274258967803
7.311506893464187
7.271480179032693
7.365101109123731
7.392034361674417
7.306729846947841
7.265881359034769
7.219037458783314
7.007319947015408
7.045587307053128
7.04987252706627
7.000004440509514
6.934200501104073
7.237348525886058
7.161706519686632
7.058089062437887
7.10605631939314
6.745825389440216
7.062637800396294
6.998776542790038
7.011948607105237
6.865335949096789
6.932812409704117
7.041435006694899
6.591085662424841
6.95570707600316
6.836542880638123
6.922975625957439
6.741104497379655
6.786732943967104
6.685747059959359
6.753824350556481
6.815772164354174
6.981596705781153
6.751523210761681
6.777220006208696
6.940605211752822
6.621776269769294
6.951657427867069
6.657923860996007
6.706286122850903
6.655528452807315
6.502885589112923
6.828175253490668
6.7328830089203775
6.650033259444479
6.5794132351824475
6.661703715719787
6.647112884612878
6.677733236778771
6.689864873315621
6.601599086885007
6.628008698904475
6.600591715548243
6.454883254350909
6.736858948051887
6.573616614598691
6.57080855528405
6.725633039402541
6.5111340628676
6.782649724580885
6.588951649783243
